=====================开机初始化需要===============================
信道切换（开机默认9频道）：
68 01 01 01 00 00 00 01 09 10
音量（9级）：
68 02 01 01 00 00 00 01 09 10
Mic增益（9级）：
68 0B 01 01 8D E2 00 01 09 10
收发频率（10频道）：
68 0D 01 01 00 00 00 08 88 3C F5 18 88 3C F5 18 10
亚音类型（CTCSS）：
68 13 01 01 00 00 00 02 02 02 10
亚音频率（01）：
68 14 01 01 00 00 00 02 01 01 10
静噪等级常开：
68 12 01 01 00 00 00 01 00 10
发射功率（低）：
68 17 01 01 97 D5 00 01 FF 10
=====================app设置切换频道后需要===============================
信道切换：
68 01 01 01 00 00 00 01 xx 10
收发频率：
68 0D 01 01 00 00 00 08 xx xx xx xx yy yy yy yy 10
亚音类型（CTCSS）：
68 13 01 01 00 00 00 02 02 02 10
亚音频率（01）：
68 14 01 01 00 00 00 02 01 01 10
